RESET

OPTION UNDERFLOWQ=OFF
OPTION ERRORQ=OFF
OPTION SCHEDULING=FIXED
OPTION BUFFERING=OFF
OPTION QUANTUM=100

;************************************************************

;************************************************************

// Header for non-triggered capture

pipes pfl MAXSIZE=65500
pipes ptrigger MAXSIZE=65500
pipes pout MAXSIZE=65500

;************************************************************

fill ptrigger 32439

;************************************************************

fill pfl 0 0 0 0 0 0 0 0 0 0 0 0 0 0 0 0 0 0 0 0 
fill pfl 0 0 0 0 0 0 0 0 0 0 0 0 0 0 0 0 0 0 0 0 
fill pfl 0 0 0 0 0 0 0 0 0 0 0 0 0 0 0 0 0 0 0 0 
fill pfl 0 0 0 0 0 0 0 0 0 0 0 0 0 0 0 0 0 0 0 0 
fill pfl 0 0 0 0 0 0 0 0 0 0 0 0 0 0 0 0 0 0 0 0 
fill pfl -843 -843 -843 -843 -843 -843 -843 -843 -843 -843 -843 -843 -843 -843 -843 -843 -843 -843 -843 -843 
fill pfl -843 -843 -843 -843 -843 -843 -843 -843 -843 -843 -843 -843 -843 -843 -843 -843 -843 -843 -843 -843 
fill pfl -843 -843 -843 -843 -843 -843 -843 -843 -843 -843 -843 0 0 0 0 0 0 0 0 0 
fill pfl 0 0 0 0 0 0 0 0 0 0 0 0 0 0 0 0 0 0 0 0 
fill pfl 0 0 0 0 0 0 0 0 0 0 0 0 0 0 0 0 0 0 0 0 
fill pfl 0 0 0 0 0 0 0 0 0 0 0 0 0 0 0 0 0 0 0 0 
fill pfl 0 0 0 0 0 0 0 0 0 0 0 0 0 0 0 0 0 0 0 0 
fill pfl 0 0 0 0 0 0 0 0 0 0 843 843 843 843 843 843 843 843 843 843 
fill pfl 843 843 843 843 843 843 843 843 843 843 843 0 0 0 0 0 0 0 0 0 
fill pfl 0 0 0 0 0 0 0 0 0 0 0 0 0 0 0 0 0 0 0 0 
fill pfl 0 0 0 0 0 0 0 0 0 0 0 0 0 0 0 0 0 0 0 0 
fill pfl 0 0 0 0 0 0 0 0 0 0 0 0 0 0 0 0 0 0 0 0 
fill pfl 0 0 0 0 0 0 0 0 0 0 0 0 0 0 0 0 0 0 0 0 
fill pfl 0 0 0 0 0 0 0 0 0 0 0 0 0 0 0 0 0 0 0 0 
fill pfl 0 0 0 0 0 0 0 0 0 0 0 0 0 0 0 0 0 0 0 0 
fill pfl 0 0 0 0 0 0 0 0 0 0 0 0 0 0 0 0 0 0 0 0 
fill pfl 0 0 0 0 0 0 0 0 0 0 0 0 0 0 0 0 0 0 0 0 
fill pfl 0 0 0 0 0 0 0 0 0 0 0 0 0 0 0 0 0 0 0 0 
fill pfl 0 0 0 0 0 0 0 0 0 0 0 0 0 0 0 0 0 0 0 0 
fill pfl 0 0 0 0 0 0 0 0 0 0 0 0 0 0 0 0 0 0 0 0 
fill pfl 0 0 0 0 0 0 0 0 0 0 0 0 0 0 0 0 0 0 0 0 
fill pfl 0 0 0 0 0 0 0 0 0 0 0 0 0 0 0 0 0 0 0 0 
fill pfl 0 0 0 0 0 0 0 0 0 0 0 0 0 0 0 0 0 0 0 0 
fill pfl 0 0 0 0 0 0 0 0 0 0 0 0 0 0 0 0 0 0 0 0 
fill pfl 0 0 0 0 0 0 0 0 0 0 0 0 0 0 0 0 0 0 0 0 
fill pfl 0 0 0 0 0 0 0 0 0 0 0 0 0 0 0 0 0 0 0 0 
fill pfl 0 0 0 0 0 0 0 0 0 0 0 0 0 0 0 0 0 0 0 0 
fill pfl 0 0 0 0 0 0 0 0 0 0 0 0 0 0 0 0 0 0 0 0 
fill pfl 0 0 0 0 0 0 0 0 0 0 0 0 0 0 0 0 0 0 0 0 
fill pfl 0 0 0 0 0 0 0 0 0 0 0 0 0 0 0 0 0 0 0 0 
fill pfl 0 0 0 0 0 0 0 0 0 0 0 0 0 0 0 0 0 0 0 0 
fill pfl 0 0 0 0 0 0 0 0 0 0 0 0 0 0 0 0 0 0 0 0 
fill pfl 0 0 0 0 0 0 0 0 0 0 0 0 0 0 0 0 0 0 0 0 
fill pfl 0 0 0 0 0 0 0 0 0 0 0 0 0 0 0 0 0 0 0 0 
fill pfl 0 0 0 0 0 0 0 0 0 0 0 0 0 0 0 0 0 0 0 0 
fill pfl 0 0 0 0 0 0 0 0 0 0 0 0 0 0 0 0 0 0 0 0 
fill pfl 0 0 0 0 0 0 0 0 0 0 0 0 0 0 0 0 0 0 0 0 
fill pfl 0 0 0 0 0 0 0 0 0 0 0 0 0 0 0 0 0 0 0 0 
fill pfl 0 0 0 0 0 0 0 0 0 0 0 0 0 0 0 0 0 0 0 0 
fill pfl 0 0 0 0 0 0 0 0 0 0 0 0 0 0 0 0 0 0 0 0 
fill pfl 0 0 0 0 0 0 0 0 0 0 0 0 0 0 0 0 0 0 0 0 
fill pfl 0 0 0 0 0 0 0 0 0 0 0 0 0 0 0 0 0 0 0 0 
fill pfl 0 0 0 0 0 0 0 0 0 0 0 0 0 0 0 0 0 0 0 0 
fill pfl 0 0 0 0 0 0 0 0 0 0 0 0 0 0 0 0 0 0 0 0 
fill pfl 0 0 0 0 0 0 0 0 0 0 0 0 0 0 0 0 0 0 0 0 
fill pfl 0 0 0 0 0 0 0 0 0 0 0 0 0 0 0 0 0 0 0 0 
fill pfl 0 0 0 0 0 0 0 0 0 0 0 0 0 0 0 0 0 0 0 0 
fill pfl 0 0 0 0 0 0 0 0 0 0 0 0 0 0 0 0 0 0 0 0 
fill pfl 0 0 0 0 0 0 0 0 0 0 0 0 0 0 0 0 0 0 0 0 
fill pfl 0 0 0 0 0 0 0 0 0 0 0 0 0 0 0 0 0 0 0 0 
fill pfl 0 0 0 0 0 0 0 0 0 0 0 0 0 0 0 0 0 0 0 0 
fill pfl 0 0 0 0 0 0 0 0 0 0 0 0 0 0 0 0 0 0 0 0 
fill pfl 0 0 0 0 0 0 0 0 0 0 0 0 0 0 0 0 0 0 0 0 
fill pfl 0 0 0 0 0 0 0 0 0 0 0 0 0 0 0 0 0 0 0 0 
fill pfl 0 0 0 0 0 0 0 0 0 0 0 0 0 0 0 0 0 0 0 0 
fill pfl 0 0 0 0 0 0 0 0 0 0 0 0 0 0 0 0 0 0 0 0 
fill pfl 0 0 0 0 0 0 0 0 0 0 0 0 0 0 0 0 0 0 0 0 
fill pfl 0 0 0 0 0 0 0 0 0 0 0 0 0 0 0 0 0 0 0 0 
fill pfl 0 0 0 0 0 0 0 0 0 0 0 0 0 0 0 0 0 0 0 0 
fill pfl 0 0 0 0 0 0 0 0 0 0 0 0 0 0 0 0 0 0 0 0 
fill pfl 0 0 0 0 0 0 0 0 0 0 0 0 0 0 0 0 0 0 0 0 
fill pfl 0 0 0 0 0 0 0 0 0 0 0 0 0 0 0 0 0 0 0 0 
fill pfl 0 0 0 0 0 0 0 0 0 0 0 0 0 0 0 0 0 0 0 0 
fill pfl 0 0 0 0 0 0 0 0 0 0 0 0 0 0 0 0 0 0 0 0 
fill pfl 0 0 0 0 0 0 0 0 0 0 0 0 0 0 0 0 0 0 0 0 
fill pfl 0 0 0 0 0 0 0 0 0 0 0 0 0 0 0 0 0 0 0 0 
fill pfl 0 0 0 0 0 0 0 0 0 0 0 0 0 0 0 0 0 0 0 0 
fill pfl 0 0 0 0 0 0 0 0 0 0 0 0 0 0 0 0 0 0 0 0 
fill pfl 0 0 0 0 0 0 0 0 0 0 0 0 0 0 0 0 0 0 0 0 
fill pfl 0 0 0 0 0 0 0 0 0 0 0 0 0 0 0 0 0 0 0 0 
fill pfl 0 0 0 0 0 0 0 0 0 0 0 0 0 0 0 0 0 0 0 0 
fill pfl 0 0 0 0 0 0 0 0 0 0 0 0 0 0 0 0 0 0 0 0 
fill pfl 0 0 0 0 0 0 0 0 0 0 0 0 0 0 0 0 0 0 0 0 
fill pfl 0 0 0 0 0 0 0 0 0 0 0 0 0 0 0 0 0 0 0 0 
fill pfl 0 0 0 0 0 0 0 0 0 0 0 0 0 0 0 0 0 0 0 0 
fill pfl 0 0 0 0 0 0 0 0 0 0 0 0 0 0 0 0 0 0 0 0 
fill pfl 0 0 0 0 0 0 0 0 0 0 0 0 0 0 0 0 0 0 0 0 
fill pfl 0 0 0 0 0 0 0 0 0 0 0 0 0 0 0 0 0 0 0 0 
fill pfl 0 0 0 0 0 0 0 0 0 0 0 0 0 0 0 0 0 0 0 0 
fill pfl 0 0 0 0 0 0 0 0 0 0 0 0 0 0 0 0 0 0 0 0 
fill pfl 0 0 0 0 0 0 0 0 0 0 0 0 0 0 0 0 0 0 0 0 
fill pfl 0 0 0 0 0 0 0 0 0 0 0 0 0 0 0 0 0 0 0 0 
fill pfl 0 0 0 0 0 0 0 0 0 0 0 0 0 0 0 0 0 0 0 0 
fill pfl 0 0 0 0 0 0 0 0 0 0 0 0 0 0 0 0 0 0 0 0 
fill pfl 0 0 0 0 0 0 0 0 0 0 0 0 0 0 0 0 0 0 0 0 
fill pfl 0 0 0 0 0 0 0 0 0 0 0 0 0 0 0 0 0 0 0 0 
fill pfl 0 0 0 0 0 0 0 0 0 0 0 0 0 0 0 0 0 0 0 0 
fill pfl 0 0 0 0 0 0 0 0 0 0 0 0 0 0 0 0 0 0 0 0 
fill pfl 0 0 0 0 0 0 0 0 0 0 0 0 0 0 0 0 0 0 0 0 
fill pfl 0 0 0 0 0 0 0 0 0 0 0 0 0 0 0 0 0 0 0 0 
fill pfl 0 0 0 0 0 0 0 0 0 0 0 0 0 0 0 0 0 0 0 0 
fill pfl 0 0 0 0 0 0 0 0 0 0 0 0 0 0 0 0 0 0 0 0 
fill pfl 0 0 0 0 0 0 0 0 0 0 0 0 0 0 0 0 0 0 0 0 
fill pfl 0 0 0 0 0 0 0 0 0 0 0 0 0 0 0 0 0 0 0 0 
fill pfl 0 0 0 0 0 0 0 0 0 0 0 0 0 0 0 0 0 0 0 0 
fill pfl 0 0 0 0 0 0 0 0 0 0 0 0 0 0 0 0 0 0 0 0 
fill pfl 0 0 0 0 0 0 0 0 0 0 0 0 0 0 0 0 0 0 0 0 
fill pfl 0 0 0 0 0 0 0 0 0 0 0 0 0 0 0 0 0 0 0 0 
fill pfl 0 0 0 0 0 0 0 0 0 0 0 0 0 0 0 0 0 0 0 0 
fill pfl 0 0 0 0 0 0 0 0 0 0 0 0 0 0 0 0 0 0 0 0 
fill pfl 0 0 0 0 0 0 0 0 0 0 0 0 0 0 0 0 0 0 0 0 
fill pfl 0 0 0 0 0 0 0 0 0 0 0 0 0 0 0 0 0 0 0 0 
fill pfl 0 0 0 0 0 0 0 0 0 0 0 0 0 0 0 0 0 0 0 0 
fill pfl 0 0 0 0 0 0 0 0 0 0 0 0 0 0 0 0 0 0 0 0 
fill pfl 0 0 0 0 0 0 0 0 0 0 0 0 0 0 0 0 0 0 0 0 
fill pfl 0 0 0 0 0 0 0 0 0 0 0 0 0 0 0 0 0 0 0 0 
fill pfl 0 0 0 0 0 0 0 0 0 0 0 0 0 0 0 0 0 0 0 0 
fill pfl 0 0 0 0 0 0 0 0 0 0 0 0 0 0 0 0 0 0 0 0 
fill pfl 0 0 0 0 0 0 0 0 0 0 0 0 0 0 0 0 0 0 0 0 
fill pfl 0 0 0 0 0 0 0 0 0 0 0 0 0 0 0 0 0 0 0 0 
fill pfl 0 0 0 0 0 0 0 0 0 0 0 0 0 0 0 0 0 0 0 0 
fill pfl 0 0 0 0 0 0 0 0 0 0 0 0 0 0 0 0 0 0 0 0 
fill pfl 0 0 0 0 0 0 0 0 0 0 0 0 0 0 0 0 0 0 0 0 
fill pfl 0 0 0 0 0 0 0 0 0 0 0 0 0 0 0 0 0 0 0 0 
fill pfl 0 0 0 0 0 0 0 0 0 0 0 0 0 0 0 0 0 0 0 0 
fill pfl 0 0 0 0 0 0 0 0 0 0 0 0 0 0 0 0 0 0 0 0 
fill pfl 0 0 0 0 0 0 0 0 0 0 0 0 0 0 0 0 0 0 0 0 
fill pfl 0 0 0 0 0 0 0 0 0 0 0 0 0 0 0 0 0 0 0 0 
fill pfl 0 0 0 0 0 0 0 0 0 0 0 0 0 0 0 0 0 0 0 0 
fill pfl 0 0 0 0 0 0 0 0 0 0 0 0 0 0 0 0 0 0 0 0 
fill pfl 0 0 0 0 0 0 0 0 0 0 0 0 0 0 0 0 0 0 0 0 
fill pfl 0 0 0 0 0 0 0 0 0 0 0 0 0 0 0 0 0 0 0 0 
fill pfl 0 0 0 0 0 0 0 0 0 0 0 0 0 0 0 0 0 0 0 0 
fill pfl 0 0 0 0 0 0 0 0 0 0 0 0 0 0 0 0 0 0 0 0 
fill pfl 0 0 0 0 0 0 0 0 0 0 0 0 0 0 0 0 0 0 0 0 
fill pfl 0 0 0 0 0 0 0 0 0 0 0 0 0 0 0 0 0 0 0 0 
fill pfl 0 0 0 0 0 0 0 0 0 0 0 0 0 0 0 0 0 0 0 0 
fill pfl 0 0 0 0 0 0 0 0 0 0 0 0 0 0 0 0 0 0 0 0 
fill pfl 0 0 0 0 0 0 0 0 0 0 0 0 0 0 0 0 0 0 0 0 
fill pfl 0 0 0 0 0 0 0 0 0 0 0 0 0 0 0 0 0 0 0 0 
fill pfl 0 0 0 0 0 0 0 0 0 0 0 0 0 0 0 0 0 0 0 0 
fill pfl 0 0 0 0 0 0 0 0 0 0 0 0 0 0 0 0 0 0 0 0 
fill pfl 0 0 0 0 0 0 0 0 0 0 0 0 0 0 0 0 0 0 0 0 
fill pfl 0 0 0 0 0 0 0 0 0 0 0 0 0 0 0 0 0 0 0 0 
fill pfl 0 0 0 0 0 0 0 0 0 0 0 0 0 0 0 0 0 0 0 0 
fill pfl 0 0 0 0 0 0 0 0 0 0 0 0 0 0 0 0 0 0 0 0 
fill pfl 0 0 0 0 0 0 0 0 0 0 0 0 0 0 0 0 0 0 0 0 
fill pfl 0 0 0 0 0 0 0 0 0 0 0 0 0 0 0 0 0 0 0 0 
fill pfl 0 0 0 0 0 0 0 0 0 0 0 0 0 0 0 0 0 0 0 0 
fill pfl 0 0 0 0 0 0 0 0 0 0 0 0 0 0 0 0 0 0 0 0 
fill pfl 0 0 0 0 0 0 0 0 0 0 0 0 0 0 0 0 0 0 0 0 
fill pfl 0 0 0 0 0 0 0 0 0 0 0 0 0 0 0 0 0 0 0 0 
fill pfl 0 0 0 0 0 0 0 0 0 0 0 0 0 0 0 0 0 0 0 0 
fill pfl 0 0 0 0 0 0 0 0 0 0 0 0 0 0 0 0 0 0 0 0 
fill pfl 0 0 0 0 0 0 0 0 0 0 0 0 0 0 0 0 0 0 0 0 

;************************************************************

pdef create_pipes

  ptrigger=0
end

;************************************************************

pdef control

  pout=pfl
  copy(pout,op1)
  copy(ptrigger,op0)

  merge(ip(0..3),$binout)
end

;************************************************************

odef outputproc 2
  outputwait 2
  update burst
  set op0 a0
  set op1 a1
  time 500
end

;************************************************************

idef inputproc 4
  set ip0 s0
  set ip1 s1
  set ip2 s2
  set ip3 s3
  count 12000
  time 250
end

;************************************************************

start create_pipes,control,inputproc,outputproc

